03011
03012
03013
03016
03017
03018
03024
03028
03029
03030
03034
03035
03036
03037
03038
03041
03043
03050
03058
03065
03071
03073
03101
03102
03103
03104
03122
03124
03131
03144
03145
03146
03159
03160
03162
03165
03166
03167
03168
03171
03172
03177
03178
03179
03180
03181
03183
03184
03186
03190
03191
03192
03195
03196
03197
03702
03703
03707
03709
03716
03718
03719
03720
03721
03722
03726
03727
03730
03732
03735
03737
03740
03741
03742
03756
03757
03802
03804
03809
03810
03811
03812
03813
03815
03816
03817
03818
03820
03821
03822
03829
03832
03833
03844
03846
03847
03849
03850
03852
03853
03855
03856
03858
03859
03860
03865
03867
03868
03870
03872
03875
03878
03879
03882
03887
03888
03889
03892
03893
03894
03896
03901
03902
03904
03909
03912
03914
03919
03923
03927
03928
03929
03930
03931
03932
03935
03936
03937
03938
03940
03945
03947
03948
03950
03953
03954
03958
03959
03960
03961
03962
03963
03965
03966
03967
03968
03970
03971
03972
03973
03974
03975
03981
03982
03985
03991
03994
03997
03998
04110
04111
04112
04129
04135
04201
04720
04722
04724
04725
04726
04738
04741
04742
04743
04751
04757
04781
04783
04787
04789
04803
04804
04805
04807
04813
04816
04824
04825
04826
04828
04831
04832
04836
04838
04839
04840
04841
04842
04845
04846
04848
04849
04850
04851
04852
04853
04854
04855
04862
04863
04865
04866
04869
04870
04876
04878
04880
04881
04883
04884
04885
04888
04893
04894
04895
04896
04897
04899
04901
04902
04904
04908
04909
04910
04913
04916
04921
04922
04923
04924
04938
04946
04949
04950
04952
04956
04957
04958
04959
04961
04962
04963
04964
04969
04970
04971
04973
04975
04976
04977
04978
04980
04992
04993
04995
11603
11624
11630
11640
11641
11649
11653
12803
12804
12809
12810
12812
12814
12815
12816
12819
12825
12826
12830
12832
12833
12834
12835
12836
12838
12839
12841
12842
12843
12844
12849
12850
12854
12861
12867
12868
12871
12873
12882
12883
12885
12886
12888
12894
12895
12896
12897
12898
12904
12906
12907
12909
12910
12911
12912
12916
12917
12918
12919
12921
12923
12924
12926
12927
12928
12931
12932
12935
12936
12947
12953
12954
12958
12959
12960
12961
12969
12971
12972
12973
12974
12976
12977
12982
12984
12985
12993
12994
12995
12996
13701
13702
13705
13707
13713
13714
13717
13721
13722
13723
13728
13729
13730
13733
13734
13735
13736
13737
13739
13740
13741
13743
13744
13746
13748
13750
13754
13764
13769
13776
13781
13783
13786
13787
13802
13803
13804
13806
13807
13809
13810
13812
13814
13819
13820
13821
13824
13825
13827
13829
13833
13834
13835
13837
13838
13839
13840
13841
13846
13849
13850
13856
13857
13858
13860
13861
13864
13865
13866
13868
13869
13870
13871
13873
13874
13876
13877
13878
13880
13881
13882
13883
13884
13886
13889
13891
13892
13893
13894
13895
13896
13897
13899
13902
13904
13909
13910
13911
13919
13920
13921
13923
13925
13926
13927
13930
13931
13932
13934
13935
13939
13940
13941
13942
13943
13944
13945
13957
13958
13959
13960
13961
13962
13963
13964
13966
13967
13968
13969
13970
13971
13972
13976
13977
13978
13983
13984
13985
13986
13987
13988
13989
13993
13994
13995
13996
13997
13999
14533
14534
14601
14604
14605
14606
14607
14609
14610
14611
14615
14616
14623
14702
14703
14704
14706
14707
14710
14711
14712
14714
14715
14717
14719
14732
14733
14734
14735
14736
14737
14739
14740
14742
14745
14747
14748
14750
14751
14752
14756
14757
14758
14761
14762
14763
14764
14765
14767
14768
14770
14771
14775
14776
14777
14778
14780
14783
14787
14790
14792
14793
14794
14799
14804
14806
14808
14813
14815
14817
14819
14820
14821
14822
14824
14825
14826
14827
14829
14833
14835
14836
14837
14839
14840
14841
14842
14845
14846
14848
14850
14852
14853
14855
14858
14860
14864
14880
14886
14891
14894
14895
14897
14898
14904
14905
14910
14911
14913
14914
14916
14918
14919
14920
14922
14923
14925
14926
14927
14928
14929
14931
14933
14935
14936
14937
14938
14939
14940
14941
14942
14943
14944
14946
14947
14949
14950
14954
14958
14966
14972
14990
14991
14994
15518
15626
15642
15643
15708
15908
15929
15930
16802
16803
16912
16915
18601
21504
21510
22001
22010
22501
22514
22516
22519
22521
22523
22524
22526
22528
22534
22536
22537
22538
22539
22551
22552
22603
22701
23002
23004
23005
23008
23009
23019
23020
23021
23023
23033
23034
23036
23041
23042
23044
23047
23048
23049
23050
23052
23054
23061
23062
23063
23064
23065
23066
23067
23069
23070
23077
23078
23081
23086
23090
23091
23097
23098
23104
23109
23110
23111
23112
23114
23119
23122
23129
23130
23131
23136
23141
23149
23152
23153
23154
23155
23156
23157
23158
23159
23160
23161
23162
23167
23169
23174
23176
23179
23181
23182
23183
23184
23185
23186
23188
23190
23191
23194
23195
23199
23201
23202
23203
23206
23208
23211
23213
23224
23230
23232
23233
23234
23237
23239
23243
23244
23254
23256
23257
23258
23259
23264
23267
23273
23274
23275
23277
23282
23285
23289
23293
23902
24004
24006
24011
24012
24013
24015
24017
24018
24021
24022
24023
24025
24027
24028
24029
24030
24032
24033
24036
24037
24044
24045
24046
24048
24050
24057
24060
24061
24062
24087
24089
24090
24091
24101
24103
24106
24110
24111
24112
24114
24119
24121
24126
24127
24128
24130
24131
24132
24133
24135
24136
24137
24141
24143
24144
24145
24146
24148
24149
24150
24151
24153
24154
24155
24156
24157
24160
24162
24163
24164
24165
24166
24172
24174
24180
24193
24196
24201
24202
24203
24207
24213
24216
24217
24219
24220
24221
24222
24223
24225
24227
24229
24230
24231
24232
24233
24234
24242
24243
24255
24257
24259
24267
24277
24283
24284
24285
24286
24287
24288
24290
24292
24295
24297
25013
25047
25101
25105
25108
25110
25111
25112
25115
25118
25119
25129
25142
25143
25148
25151
25153
25169
25206
25218
25220
25223
25224
25225
25229
25231
25238
25241
25247
25248
25254
25270
25305
25308
25309
25310
25312
25314
25316
25317
25322
25323
25325
25327
25329
25330
25331
25332
25333
25335
25338
25339
25342
25345
25346
25348
25353
25354
25357
25364
25376
25377
25378
25401
25402
25403
25501
25502
25503
25505
25506
25507
25508
25513
25516
25517
25521
25604
25605
25613
25616
25617
25621
25623
25624
25625
25626
25629
25704
25713
26316
26337
26401
26403
26405
26407
26409
26410
26411
26412
26413
26414
26415
26416
26418
26419
26422
26425
26428
26429
26435
26438
26439
26442
26445
26446
26449
26451
26465
26479
26480
26492
26498
26501
26502
26508
26510
26511
26512
26513
26514
26515
26516
26519
26521
26522
26523
26524
26525
26528
26529
26533
26534
26535
26536
26542
26552
26553
26558
26559
26561
26601
26602
26615
26616
26617
26618
26619
26620
26621
26622
26623
26624
26625
26626
26627
26628
26629
26630
26631
26632
26633
26634
26635
26636
26638
26639
26642
26644
26646
26647
26648
26651
26652
26653
26654
26703
26704
27004
27205
27401
27403
27406
27502
27506
27512
27518
40310
40504
40505
40604
40710
41406
41414
41415
41419
41606
45715
46403
46405
53123
53127
53128
53135
53141
53143
53146
53801
53802
53803
53804
53806
53808
53817
53838
53841
53844
53847
53850
53852
53854
53855
53859
53860
53863
53865
53866
53867
53869
53870
53873
53874
53881
53882
53883
53885
53886
53887
53889
53890
53892
53893
53902
53905
53908
53909
53910
53912
53914
53915
53916
53917
53922
53931
53934
53937
53938
53939
53940
53942
53944
53948
53950
53953
53954
53957
53958
53959
53962
53964
53966
53971
53973
53981
53984
53985
53986
53989
53998
53999
54704
54728
54733
54734
54735
54736
54737
54738
54740
54743
54746
54752
54753
54754
54758
54760
54769
54771
54778
54780
54782
54785
54787
54788
54789
54807
54809
54816
54817
54818
54820
54827
54828
54829
54831
54832
54833
54838
54901
54908
54911
54913
54917
54923
54925
54930
54931
61705
63801
63802
63803
63804
63805
63806
63808
63810
63815
63816
63818
63820
63822
63824
63833
63840
63842
63859
63872
63874
63881
63883
63887
63888
63901
64705
64706
64707
64708
64709
64710
64752
64761
64775
64776
73804
73805
92805
92806
92813
92814
92815
92825
93005
93007
93009
93010
93013
93026
93027
93033
93034
93037
93040
93041
93042
93045
93058
93063
93065
93067
93068
93069
93073
93075
93083
93084
93091
93097
93101
93102
93107
93110
93111
93112
93116
93122
93128
93129
93138
93141
93144
93167
93170
93184
93193
93194
93197
93201
93203
93205
93206
93208
93209
93210
93211
93214
93216
93225
93227
93228
93230
93231
93241
93242
93706
93718
93719
93720
93721
93726
93727
93730
93736
93737
93738
93739
93740
93741
93744
93747
93753
93757
93759
93760
93764
93765
93778
93781
93782
93783
93785
93786
93796
93798
93799
93801
93804
93805
93806
93807
93808
93809
93810
93812
93814
93815
93817
93819
93820
93821
93822
93823
93824
93830
93831
93832
93836
93837
93839
93841
93842
93843
93845
93846
93862
93874
93875
93876
93894
93909
93911
93915
93919
93937
93940
93943
93950
93953
93955
93967
93978
93983
93984
93985
93987
93988
93989
93991
93992
93993
93996
93997
93998
93999
94006
94008
94011
94012
94014
94015
94017
94023
94025
94028
94030
94032
94033
94035
94038
94040
94053
94054
94055
94057
94062
94063
94086
94087
94108
94110
94112
94116
94128
94129
94151
94156
94157
94161
94163
94176
94178
94182
94185
94187
94197
94216
94224
94225
94227
94234
94236
94239
94241
94248
94261
94263
94266
94274
94285
94297
94298
94601
94609
94613
94620
94626
94700
94702
94705
94706
94709
94719
94720
94721
94723
94724
94725
94726
94728
94732
94733
94737
94740
94741
94745
94746
94761
94765
94789
94790
94793
94794
94815
94817
94818
94822
94823
94830
94833
94836
94846
94847
94848
94849
94850
94852
94853
94854
94855
94860
94866
94868
94869
94870
94871
94878
94889
94890
94891
94892
94893
94894
94895
94896
94897
94902
94908
94909
94910
94911
94919
94923
94925
94926
94927
94928
94929
94930
94931
94933
94938
94947
94948
94949
94950
94951
94956
94959
94960
94961
94962
94963
94966
94967
94970
94973
94974
94976
94979
94982
94985
94988
94989
94990
94992
94997
94999
