13730
93084
13701
03732
93706
23168
54761
14764
14611
94623
94602
03148
94709
94601
14605
14616
14615
94736
14606
14601
14608
14622
14614
94603
94626
14610
14609
14604
14607
14623
04836
94605
14856
94847
14853
94889
14833
94815
14815
14822
14804
94817
23104
14836
04839
94860
14826
14840
14845
04829
14864
94816
94898
14817
94894
94814
14808
23183
14850
03186
04854
94849
94896
03185
14841
94853
14824
94893
04881
04869
94836
14847
94926
14858
54830
94899
94850
23111
04863
94948
94927
94968
14925
14954
94976
14992
03192
14922
14911
14947
14927
14928
94965
03184
14926
14910
94938
14913
94909
94962
94919
94931
14958
94964
94956
14918
94961
94944
94966
94967
94969
94974
94977
13832
53804
53858
13820
13833
93919
53808
03961
13834
93999
13865
03940
13927
03866
53893
13939
13978
13825
73804
93862
53806
93139
03101
03817
93826
93965
03975
03946
13987
03935
13995
93996
03938
13997
03963
03966
03994
13930
13994
03945
03929
13983
03168
13988
03947
03996
13993
23184
14938
53901
94055
03982
03983
24107
24198
94163
24138
24085
24150
24132
24033
24161
24135
23194
24037
24097
94162
24144
24139
03103
24153
24036
24087
94051
24143
24112
94132
94028
94017
94008
93167
24146
94010
94012
24137
13895
94957
24004
94040
94947
24091
94949
14905
14994
14904
14939
14935
13850
93131
14949
03195
24023
24030
14942
94918
94951
94946
94958
14964
24028
14941
24044
04957
24001
94975
24017
24032
94034
94978
14964
93761
13748
13776
93743
93727
93765
93753
13754
93740
93719
03162
93737
93791
13714
13881
93729
93726
93143
13713
93726
03812
13783
93742
03810
13821
93759
13722
13766
13746
13723
93807
13787
13786
93747
03193
03914
93027
24011
24012
14914
14919
03178
13801
93115
03164
94021
14917
14916
94925
94928
14912
24013
94011
23188
93112
94014
94038
94041
93940
03981
03950
03144
23199
13945
13902
93122
93950
03131
93986
03172
03948
13999
03932
93911
13919
13967
03954
93107
93953
03146
53908
13968
03965
93117
04201
13975
13909
53986
13969
03959
03177
03977
03979
93812
53855
13841
53859
23181
03154
13813
13812
03867
13840
63825
93815
93824
14821
04804
93116
04852
13856
04855
04850
14891
14895
14813
14825
14813
14852
14820
14846
04853
04805
04848
94830
23191
04809
04857
24267
24270
94236
94285
53922
24225
94107
24235
23158
03107
03104
24231
94251
24284
24134
93101
94185
93184
24162
24221
24230
93114
24202
24285
23105
24130
24232
94273
24148
94281
24152
94261
24242
24229
24211
24155
93106
94204
23129
03122
94224
94196
13771
13739
93778
13794
03166
94732
64752
54737
14793
14711
23156
14751
23119
54735
14767
14736
93773
04726
14712
14762
54723
94710
94823
64706
14737
03167
23174
04813
14760
54739
14761
03171
03179
04787
14778
14777
94868
93197
03892
04751
93125
14860
54789
14754
04827
04832
94793
14799
14794
03102
14787
14765
54752
63837
93831
13880
03165
13717
93718
03880
13849
03858
13883
13744
53874
93846
93804
03870
23122
93156
13886
94911
03180
14944
94950
94943
24024
24090
24006
93111
94902
14936
24025
14946
94022
14929
24053
23116
24052
94032
24024
23152
94037
94039
13882
13893
93876
93839
03811
13891
93877
03847
03841
13827
93136
03809
03829
23130
13897
23136
93110
03833
93121
13877
03894
13838
54754
54770
94721
14710
64759
04743
14745
54791
54736
14776
94765
14755
54728
94700
03740
13735
93766
93730
93788
14780
14706
04783
14792
94739
14734
54738
94741
54743
54760
93128
23169
23112
23141
03133
03163
23153
23154
93102
03170
93126
23185
23118
24172
23190
24121
24128
03881
24173
94190
03160
03191
94198
24119
14786
94789
94706
54787
04781
14732
94728
54773
14719
54778
94745
23131
14714
04789
14757
54746
14748
04720
04725
23265
04722
23182
94761
94731
93244
14747
93242
94704
23243
14735
04741
14733
14771
14768
93214
04724
04738
94794
14717
23179
14700
14750
03159
23187
94790
14715
94740
93159
04742
64776
94733
93170
94725
23161
54757
94703
93041
23078
23086
93033
23039
93063
93034
23114
93097
23002
93094
23273
93045
23009
93083
23043
93040
93087
93064
23008
23077
93088
23050
23004
93044
23048
93057
23081
23049
23054
03014
93091
03015
93089
93206
03182
93077
23051
03147
23052
23090
93092
03001
93044
03012
93083
94854
94818
14839
14837
54834
14921
04875
04841
04840
23155
94930
14920
94940
94855
94869
94897
23282
04825
14898
04895
94985
94890
04824
14991
14897
04803
14962
94973
14886
93104
94929
93194
94970
04826
04834
03859
93209
03872
53801
23267
93226
13866
03860
13729
13894
03802
94054
93806
03804
13734
13736
14894
25714
25704
25715
25708
45715
25626
25605
25621
25616
25515
25622
25337
25308
25624
25325
25617
25320
25317
25505
25314
25315
25625
25326
25348
25375
25327
25338
25517
25329
25502
25508
25312
25333
25713
25319
25310
25332
25501
23149
25341
25316
25357
25340
25309
25330
25322
25503
25623
25318
25613
25513
25323
93218
25402
25403
25402
25335
25339
25507
25506
25401
26427
26445
26438
26417
26546
26622
26410
26523
26436
26488
26492
26444
26615
26557
26525
26442
26479
26534
26451
26507
26409
26401
26423
26448
26433
26516
25331
96402
26560
26527
26633
26439
26514
26547
26526
26621
26635
26425
26521
26528
26519
26530
26486
26650
26536
26412
26510
26484
26414
26632
26405
26429
26489
46403
26429
26704
26703
26447
26512
26627
26406
26415
26416
26408
26620
26502
26617
26435
26628
26629
26407
26501
26630
26422
26411
26403
26602
26503
26524
26529
26626
26639
26614
26419
26418
23110
26428
26634
26618
26446
23110
26619
26535
26449
26522
26625
26515
26616
26533
26513
26511
26480
26636
26542
26601
26623
26465
93144
26631
26508
26638
26624
27401
27406
27408
27403
27503
27512
27506
27502
25604
26442
25322
25338
25335
26548
25325
24018
94006
24022
94156
24027
24057
94053
24165
24164
24019
24021
24089
24061
24166
23259
23245
24062
24088
94023
24048
24045
94173
24029
24060
24169
23233
93217
23167
21505
21504
21510
21508
22539
93193
22528
22538
22524
22523
22516
22534
93204
22537
22521
22514
22551
22517
22519
22508
23277
22526
22536
22501
22603
22552
23283
11630
11653
11641
11603
11649
11624
11640
12919
12957
12959
12904
12996
12928
12907
12926
12946
12932
12924
12925
12947
12935
12912
13871
12954
12976
12923
12953
12944
23257
12970
12931
12909
12962
22001
22010
93232
12911
12921
12906
12918
23157
12910
12917
12960
12961
23203
13876
53910
93081
13904
03942
93035
93947
13958
03049
93035
23240
13973
03904
23244
53903
23289
23091
03902
03972
03933
93942
93984
93987
93231
23034
93222
23017
13959
23258
93983
23040
23248
93943
23055
23044
23019
23023
23234
03181
03969
23041
23005
93228
13972
03901
23285
13962
13910
23230
93211
23033
03912
23270
23250
03971
93901
13911
93985
13961
13960
23239
03970
13926
93937
93955
23021
93929
23042
13923
23151
13931
13966
23097
23007
23047
03024
93046
93042
23237
03927
12969
53909
03980
03991
23186
03175
93025
93129
23159
23170
23176
93075
93132
23162
93141
23254
24103
24174
24084
94030
94029
24193
24111
24127
24101
24126
23290
24180
94128
94183
23211
94189
54781
54740
94737
94705
54742
14742
54758
54771
13728
13762
13763
13769
13727
13737
13750
13702
13726
13704
93227
93741
93735
13868
93714
13733
13741
23202
03896
13740
93739
93757
93736
93760
13773
93728
13743
93738
53818
93767
93775
24219
94298
24160
24223
24163
24241
24243
94129
23232
24227
94225
24220
24201
94216
23274
23213
24207
24110
24237
94227
94274
24141
94239
23206
24233
94263
94248
24234
24157
24114
94176
24244
24277
24222
24203
94119
94240
24228
94266
94280
94249
24255
24240
94147
94197
94282
94101
94276
23208
24217
94187
94290
94199
25101
25105
25108
25110
25111
25112
25113
25115
25116
25118
25119
25121
25122
25123
25124
25125
25129
25141
25142
25143
25146
25148
25151
25153
25155
94111
94153
25165
93225
25166
14628
15045
24287
24288
24290
24292
24293
24294
24295
24297
24298
24299
25120
25149
25150
25204
25205
25206
25212
25213
25214
25215
25218
25220
25222
25223
25224
25225
25229
25231
25232
25236
25238
25241
25244
25247
25248
25250
25251
25252
25253
25254
25255
25305
25342
25343
25345
25346
25347
25353
25354
94108
94109
94110
94112
94116
94149
94151
94157
94234
94241
25263
25364
25365
25264
25266
25366
25267
25268
25269
25270
25167
25271
94283
25272
25169
14996
14997
15901
15903
15904
15905
15906
15911
15912
15916
15917
15919
15920
15921
25001
25004
25007
25009
25014
25024
94912
94920
94921
94923
15928
15929
15930
25048
14625
14629
14631
14643
14648
14678
14683
14685
94609
94617
14503
14506
14508
14509
14511
14512
14514
14515
14516
14517
14518
14520
14522
14523
14524
14525
14526
14527
14528
14529
14530
14531
14532
14533
15501
15502
15503
15504
15506
15507
15509
15510
15512
15601
15607
15610
15625
15628
15634
15635
14534
15626
14535
14537
14536
14538
15515
15516
15517
15642
15518
15643
15520
14624
14632
14633
14635
14636
14640
14642
14644
14646
14647
14651
14652
14653
14668
14673
14675
14677
14686
14687
94608
94610
94611
94616
94618
94619
94620
94621
16603
16605
16607
16608
16609
16610
16692
16696
16701
16702
16705
16793
16795
16801
16891
16893
16895
16903
16904
16906
16992
17101
17601
17802
17805
17901
18601
18801
26002
26003
26005
26091
26101
26102
26103
26104
26107
26109
26110
26111
26112
26202
26208
26210
26211
26294
26317
26323
26327
26394
27001
27002
27101
27102
27201
27202
16912
16911
16802
17807
16803
16913
16914
16915
93230
16616
27204
27205
26336
16618
16619
27004
26215
26009
04704
04705
04706
04713
04714
04715
04733
04736
04737
04740
04747
04757
04758
04773
04792
04793
04796
04797
14727
14899
14999
15801
15802
15806
15807
15907
15908
15909
54706
94791
94796
94797
94799
94801
94802
94803
94804
94805
94806
94808
94809
94810
94825
94826
94827
94828
94831
94842
94857
94858
94862
94863
94864
94865
94867
94932
94934
94935
04811
04812
04814
04815
04816
04818
54751
54753
04817
04819
04820
04821
04822
04823
94972
15814
15815
54755
14630
14645
94622
04701
04702
04707
04712
04730
04731
04732
04734
04748
04752
04775
04778
04785
04786
04788
54784
04790
14626
14627
14637
14639
14654
14660
14665
14674
14680
14681
14682
15505
15511
23224
15605
15606
15612
15613
15619
15621
15629
15630
15631
15632
15633
15701
15702
15703
15704
15706
15803
16604
16703
16704
54703
54724
94792
94795
94606
94607
94613
94612
54750
94614
15708
94615
16707
15709
16708
24092
25002
25003
25005
25008
25010
25012
25013
25015
25016
25017
25018
25019
25020
25023
25026
93208
25029
25030
25031
25033
25034
25035
25036
23264
25127
94016
25046
25047
25050
26205
26314
26316
26318
26319
26320
26322
26325
26450
26334
26335
26337
12001
33005
33006
33008
33012
33013
33023
33034
33044
11604
11647
50101
71901
81301
81302
81304
81306
81401
81405
81408
81410
81411
82301
82402
82403
82501
82502
82503
83502
83503
83504
83508
34165
34166
34182
13202
12702
12704
12706
12707
12708
12709
12710
12712
12713
12714
12716
12717
11501
13602
51601
10504
10505
10506
11503
50301
50303
50306
50307
50401
50402
50403
51401
52401
52402
52501
31901
32903
32927
32936
32942
32945
32949
12103
11809
52701
54702
33902
42001
42002
42003
42007
42008
42011
42014
42015
42016
42019
42020
42025
42026
42028
42029
42101
42102
93216
42105
42107
42110
42111
93205
43005
43007
43009
43011
43013
43102
43103
43108
43202
43203
43269
44101
44201
10717
11705
11814
12711
60501
61501
10801
10806
10807
12821
12860
12864
33304
11628
11629
11646
11650
11711
62001
50701
50801
50804
23275
31201
31202
32301
33203
33205
30302
30303
30401
30403
31301
31302
31304
31305
31306
31307
31403
81702
81704
14002
14008
14009
34012
34018
34021
34022
34023
34024
34043
34045
34048
34051
34052
34053
34059
34060
34061
34062
34063
34064
34065
34066
34067
34071
34072
10501
61502
34041
34046
34049
34050
34054
34055
34056
34057
34058
34068
34069
34070
34074
34075
34076
34077
34079
34161
34164
34168
34169
34171
34172
34174
34176
34177
34178
34183
34186
34189
34190
34191
34192
34193
34195
34196
34197
34198
34199
35001
35002
35004
35008
35009
35010
35011
35032
35053
35056
35104
35107
35108
35110
10001
33206
33208
16301
16303
16307
16402
16404
16405
16406
16415
16502
16503
16504
16505
16506
16507
17203
17501
17605
11642
11802
11901
11902
11701
11710
11806
11807
11811
11815
31701
31702
31801
32701
32702
32703
32801
32802
32804
32805
32807
32808
32812
32813
32815
32818
32820
32821
32822
32904
32906
32907
32909
32910
32912
32920
32932
32934
32935
32902
40201
80406
33401
33402
33406
33501
33405
33019
33111
33125
34002
34003
34017
23225
34109
34121
34123
34134
34147
34150
34187
34188
34194
11704
11715
42204
42206
42216
42502
43302
43305
43306
43307
43308
43309
43310
43311
43312
93201
43313
43314
43315
43316
43317
43318
43321
43322
43323
43324
43325
43327
43328
43402
20502
40702
40705
60701
60702
60703
43201
43206
43208
43209
43210
43212
43213
43214
43215
43216
43219
43220
43221
43222
43223
43240
43242
43244
43245
43256
43263
43267
43271
43272
43273
43274
43275
43276
43277
43278
43279
41051
41060
41061
41062
41071
41074
41075
41076
41077
41078
41079
42030
10102
33123
33202
33204
34035
12101
11903
11904
12866
12878
12948
22006
22007
22008
22009
22011
22012
22102
22103
13002
13003
13004
13005
13007
13009
13012
13013
13015
13017
13019
13020
13021
13023
13008
35005
11643
11645
11703
82603
82605
82607
82608
93201
11801
11803
11808
11810
31001
31101
32601
32602
32806
32916
32921
32946
33703
10701
10702
10703
10704
10706
10715
10718
10719
10720
10802
10804
10805
80402
80407
80408
80409
80411
80412
80414
80421
80427
80432
80434
80435
80516
50802
51701
40101
40102
41202
41206
41207
41209
41210
41212
41222
41223
41224
41226
41230
13018
31501
32501
32502
32503
32504
11103
80504
80507
80513
80514
80601
80604
13024
14007
14010
14011
14012
30701
30702
30801
11622
11601
11625
31303
10503
42218
41001
41012
41017
41018
41019
41020
41028
11621
11632
11634
23256
33003
33015
33109
33122
33207
33306
33307
33308
34201
34203
80705
15002
15007
15018
15022
15028
15033
15037
15039
15040
35029
35034
35046
35048
35050
35051
35055
44301
45501
40001
41003
41004
41005
41006
41007
41008
41009
41010
41011
41013
93210
41014
41015
41016
41021
41022
41023
41024
41025
41026
41027
41029
41030
41031
41032
41033
41034
41035
41036
41037
41038
41039
41040
41043
41045
41046
41047
41048
41052
41053
41054
41056
41057
41058
41059
41063
41064
41065
41066
41067
41068
41069
41070
41072
41073
41080
41081
34202
70101
70102
71201
11820
11822
35057
34108
32302
33601
32401
33311
15044
22009
11717
40504
40710
40505
40604
40308
41406
41415
61705
41418
20701
22701
41302
41402
41404
41408
41414
41601
41606
42401
61702
41419
40611
93203
23201
12971
12972
03999
04845
94991
94262
92807
53865
04837
04114
04109
53872
04112
04110
94982
53920
03029
53838
53119
53120
93241
94299
93138
03030
03031
53130
94050
53918
53919
03026
03028
92805
53853
53866
94994
53871
53870
04833
04858
54777
54772
24216
04847
04843
54782
54827
04856
14817
94992
53904
53916
26413
53869
93783
04113
93782
93781
53913
54779
53844
93784
94173
93780
03027
54780
04849
04842
04851
53868
53121
94189
14770
53850
53867
53854
94993
94056
94052
94990
54785
53912
53902
53907
12975
53914
53911
03032
93785
54786
04111
04968
94057
27503
93786
26643
25367
25628
27515
26422
54790
26642
26491
25516
24258
54792
53873
53123
54793
12977
04233
53876
53925
53879
24257
63827
94070
03043
04989
53129
04221
25275
26339
24263
24213
93874
24212
24283
03018
25369
26551
26644
26645
26646
26552
26553
25629
63839
63804
63833
53934
53954
53955
53128
53126
04204
03038
03039
94062
03040
03041
03042
94076
53894
92813
92814
92815
92816
63823
92817
53882
53883
53884
53885
53898
63803
63809
63813
63818
63822
63834
63835
63836
63842
04903
04904
04906
04907
04908
04910
04913
04915
04916
04917
04920
04925
04930
04936
04937
04938
04942
04947
04953
04955
04959
04962
04964
04966
24215
04973
04975
04976
04977
04981
04129
04862
04867
04868
04871
53887
04876
53889
53891
53897
04879
53944
04880
04889
03856
53950
63810
04890
63814
04894
63817
04896
04899
63851
63840
63841
63853
53896
54807
54809
03037
53939
03051
93978
63815
53943
53958
64708
03724
64709
04870
04872
04874
04877
04878
04882
04883
04884
04885
04886
04887
04888
04892
04893
54813
94997
94999
04902
04905
04909
04911
04912
04914
04918
04919
04922
04923
04926
04927
04928
04929
04931
04932
04933
04934
04940
04939
04941
04943
04944
04945
04946
04948
04951
04952
04954
04956
04958
04960
04961
04965
04967
04969
04970
04971
04974
04978
04979
04980
04982
04983
04984
04999
54901
53931
63808
63852
93796
93799
03727
03702
03703
53888
03705
53890
53892
03708
03709
03711
03712
53899
03713
63801
63807
63811
63812
03720
03721
63816
03722
63819
03723
63821
63824
03731
63844
94061
04901
04924
04935
94063
94073
04992
04993
03726
03034
03035
53127
53929
24170
53930
53932
53933
53935
53936
53937
53940
53941
53946
53947
53949
53951
53953
53956
53957
24267
93795
64705
64753
64710
63820
53928
12978
53942
12979
53945
53948
53952
12980
12981
94264
12982
03044
03045
53962
53981
53963
53964
53965
53979
53966
53967
53969
53970
53971
03050
12984
53972
12983
53973
53852
53975
53977
12985
53976
03052
53982
03059
53983
03036
04116
93797
53881
93798
03701
03704
03706
03707
03710
53895
03714
03715
63802
03716
63805
63806
03717
03718
03719
03730
03734
03735
04205
04224
04864
04865
04866
04873
04963
04891
04972
04897
04898
63832
03725
94646
54904
54905
53984
24214
24259
24286
23293
54816
03068
03056
03058
03736
03738
03737
03741
03742
04133
04995
04996
04997
04998
12986
12992
12989
12990
12991
25376
25377
25378
25518
25519
26497
26498
26499
26554
26555
26559
26648
26651
46402
46404
46407
53135
53143
53146
53861
53978
53985
54817
54818
54819
54820
54821
54822
54823
54824
54825
54828
54829
54832
54833
54838
54906
54907
54908
54909
54910
54911
54912
54913
54914
54915
54916
54917
63843
63846
63847
63848
63859
53145
53988
53989
54826
24262
46406
26558
41420
46405
93134
03183
54919
54920
04134
63872
53843
63871
63870
03187
63874
03190
03064
63876
64773
63875
03069
54844
53993
54923
54922
03197
54921
53992
53991
63880
53990
63879
63878
63877
63881
04135
03070
54924
63882
03756
12993
64774
54850
12994
63884
63885
53995
54925
54926
03071
53996
53997
63886
63887
03757
53998
92824
23903
54953
54931
94087
54930
23902
23901
53999
12995
94086
54927
54852
26561
26654
27518
26653
27517
26652
25521
63883
40310
13896
63889
03073
63888
92825
93005
03010
23070
03010
93069
53848
63890
03755
54928
64775
03763
23061
23067
03013
93008
23176
93058
93090
93012
93085
93007
94015
23029
93037
93065
23066
93010
93073
93009
93086
23069
93067
53816
23063
53820
23036
23012
23062
93068
03065
93006
53864
24050
24015
24051
24046
94033
24047
94025
93013
93992
93096
94035
03011
03016
03017
94702
14758
14707
54734
13977
64707
54788
14752
94719
54767
14740
13764
13707
13781
93843
12850
12836
12891
12896
12826
12888
12859
12839
12882
92809
12849
12830
12897
12885
12803
12894
12835
12844
12872
12812
12825
12814
12871
12843
12804
12873
92806
12810
12809
12842
12883
12867
12815
12868
12818
12898
12841
12886
12854
12973
12974
53141
12819
53847
53849
53938
63901
92808
92822
94297
26647
03985
26649
53144
03033
96401
12834
12861
12833
14989
12879
12816
12832
13844
53862
13846
23098
93837
93832
03882
53860
93805
03855
93828
93829
03853
03852
03815
13858
13899
13889
03840
14992
14927
03844
93841
13884
03818
94963
94960
12895
92802
12876
93845
93988
93861
03962
53921
13857
13819
53817
13878
13835
93836
13861
13870
13869
13815
03875
13824
53807
03822
13829
03874
93842
13860
03813
13892
03821
03820
13837
03850
13874
03888
93830
53863
13864
13873
03832
93801
13839
53819
24158
24151
94186
94178
24133
24156
24142
94136
24106
13925
24145
94161
24131
03053
73805
64761
63903
13827
12803
24140
13963
03908
93809
13837
03832
26443
26512
94182
94180
24196
12838
24195
53175
24149
94030
03952
54742
24154
94150
13999
94871
00100
24136
94184
03930
94194
94195
93809
63873
03865
93810
93894
13802
03960
03879
53822
13809
03958
03838
93816
53802
03887
93822
93989
94870
94891
14806
54831
53959
04949
14842
94959
14816
94887
14923
14834
14819
04808
94866
94878
94892
94846
14855
04838
94822
14880
93816
04831
93817
13964
13811
13804
03893
13803
93823
03868
93819
03846
53842
13885
04828
94895
14835
94852
94833
14827
04846
14829
04807
04806
14848
94848
13917
04921
14970
14931
14950
04950
14930
14933
14937
14976
94979
14990
03953
94988
93875
94908
14943
94910
94933
13814
14966
14940
14972
93993
94971
94989
94998
94984
93991
93076
93967
23020
13932
03957
03998
13971
03923
13981
03928
13985
23064
13986
03918
13989
13940
03941
93909
93998
03919
03967
93997
03968
13920
03997
13996
13947
03909
03936
13921
93990
23065
13984
03973
03974
13806
03978
93808
03849
03816
93895
03196
93026
03889
53803
53886
13807
93820
03124
93821
53841
13810
93814
53821
12963
12968
12884
12927
12988
03169
12936
12958
12930
12916
13943
53917
03908
53915
03937
13976
13941
03934
13970
23071
23160
03931
13934
93915
13935
03949
23109
13957
13942
13944
53905
53813
03976
94627
14756
64755
94724
14684
94720
14783
14704
94726
14618
14790
54704
14775
14703
94746
54799
54798
14739
14763
14702
04779
04780
54756
54733
94723
54768
23195
03145
94624
54769
13721
13796
93720
13705
13751
03878
