19981015 20010703 10034 26492
19930301 99991231 10118 04862
19750520 99991231 10122 12832
19951114 99991231 10128 03974
19500101 99991231 10135 14737
19720101 99991231 10136 13962
19400101 99991231 10140 23050
19620101 19711231 10140 23004
19640101 99991231 10141 14929
19600101 99991231 10146 13869
19680714 99991231 10149 04863
19520101 99991231 10154 14756
19510101 99991231 10155 13959
19500101 99991231 10157 24283
19710101 99991231 10158 93730
19991201 99991231 10161 94997
19610101 19960731 10165 25704
19970801 99991231 10165 25704
19700101 99991231 10167 93940
19650101 99991231 10170 25501
19820101 99991231 10171 03970
20020826 99991231 16426 03043
19620101 99991231 10172 13705
10101 99991231 10177 03034
19490901 19840501 10184 26515
19670101 19930903 10185 13934
19930903 99991231 10185 93915
19671101 99991231 10189 93065
20030512 99991231 10190 04993
19901201 99991231 10194 53909
19660101 99991231 10198 14762
19760101 19830617 10204 25310
19840316 19860601 10204 25310
19861001 19881101 10204 25310
19890301 19900331 10204 25310
20030601 20110501 10204 25310
19760101 99991231 10207 12804
19500701 99991231 10208 03820
19600101 99991231 10216 13873
19800101 99991231 10221 24044
19700401 99991231 10223 04828
19920101 99991231 10226 94999
19710501 19910423 10227 03740
19901201 99991231 10228 53931
19990120 99991231 15949 53870
19760101 99991231 10245 25503
19600701 99991231 10246 24015
19731201 99991231 10247 26542
19280801 19521220 10248 14813
19610601 99991231 10248 14813
19650101 99991231 10257 14735
19430101 99991231 10263 12932
20060509 99991231 10265 53146
19861112 99991231 10266 93097
19690101 99991231 10267 03958
19560101 99991231 10268 94910
19790101 99991231 10272 23061
19620427 99991231 10275 24160
19990107 99991231 10276 63833
19450201 19450831 10278 25502
19750101 99991231 10279 23047
19380301 99991231 10282 13870
20060526 99991231 10287 53989
19600204 99991231 10288 54816
19910131 99991231 10294 94989
19470601 99991231 10298 13871
19431128 19540204 10299 26409
19540204 99991231 10299 26451
19420101 99991231 10300 93846
19890316 99991231 10301 94974
19761001 99991231 10304 26516
19760101 99991231 10307 25308
19931119 99991231 10313 26644
19680701 19770731 10317 04850
19830801 99991231 10317 04850
19610101 99991231 10322 14736
19861028 99991231 10325 93067
19680101 99991231 10327 93227
19431201 19441231 10329 12830
19741015 99991231 10329 12897
19641101 99991231 10330 13701
19590101 99991231 10333 94849
20050816 99991231 10342 54917
19751208 99991231 10347 53915
19680901 19690531 10348 94889
19730601 99991231 10348 94889
20050525 99991231 10349 46405
19690101 19690625 10352 93991
19910630 99991231 10352 93991
19361001 19400430 10356 12953
20050609 99991231 10356 12953
19490501 99991231 10361 94790
20000401 99991231 10363 04865
19980812 99991231 10371 53865
19640401 99991231 10372 93073
19860701 99991231 10373 03973
19861112 99991231 10374 54754
20000401 99991231 10376 93796
19350701 19380731 10378 03912
19760101 99991231 10385 94224
19951001 99991231 10387 54809
19590601 99991231 10388 94929
19600204 99991231 10396 27518
19620101 99991231 10397 13874
19910301 99991231 10404 03035
19990523 99991231 10405 13958
19660101 99991231 10408 04825
19420101 99991231 10409 14946
19390801 99991231 10414 14605
19910705 99991231 10415 04901
19910901 99991231 10417 04902
20020819 99991231 10418 23224
19650125 19720420 10419 03892
19750601 99991231 10419 03892
19791201 19990523 10423 13958
19990523 99991231 10423 13904
19421001 19990523 10423 13904
19791201 19990523 16440 13958
19990523 99991231 16440 13904
19530101 99991231 10424 14897
19760101 99991231 10431 03812
19550101 99991231 10434 14777
19680101 19850627 10437 23191
20000607 99991231 10437 23191
19480101 99991231 10439 41606
20060519 99991231 10440 53959
19921101 99991231 10444 04904
19311101 99991231 10449 14910
19600204 99991231 10451 63901
19490101 99991231 10460 13861
19670101 99991231 10469 94815
19670101 99991231 10474 93216
19760101 99991231 10476 13944
19520101 99991231 10478 14775
19680101 99991231 10482 13803
19680101 99991231 12050 13803
19500601 19790601 10483 93721
19500601 99991231 10821 93721
19630101 19871119 10484 24119
20050202 99991231 10491 54817
19981008 99991231 16460 12971
10101 99991231 10508 53881
19520101 19830531 10511 23159
20001116 99991231 10511 23159
19421201 19471130 10519 12803
20050826 99991231 10519 12803
19621101 19711008 10523 94961
19740930 19750430 10523 94961
19831001 19841031 10523 94961
19871201 99991231 10523 94961
19881201 99991231 10524 03036
19590101 99991231 10529 14740
19610101 99991231 10535 94702
19640101 19721130 10540 14702
19980819 99991231 10540 14702
19960619 99991231 10543 94871
19590101 99991231 10551 26615
19570101 99991231 10557 04751
19500101 99991231 10558 24028
19651022 99991231 10559 24234
19580101 99991231 10561 23155
19660101 19690331 10562 13838
19720901 99991231 10562 13838
19951218 99991231 10572 03024
10101 99991231 10573 53882
19420801 19450131 10573 13819
19510501 99991231 10577 04725
19690101 19711231 10581 14601
19720201 99991231 10581 14606
19500101 19531115 10582 23041
19771201 99991231 10582 23005
19440801 99991231 10589 14616
19980219 99991231 10597 94055
19781001 99991231 10599 13876
19040101 19511231 10613 14799
19501201 19960401 10613 94793
19961201 99991231 10613 94793
19710101 99991231 10614 94947
19201001 19660430 10615 23019
19460101 99991231 10616 26415
19470301 99991231 10617 23157
19400101 99991231 10620 24033
19750101 99991231 10627 24011
19960621 99991231 10628 04839
19760101 99991231 10629 13820
19670201 20050524 10630 93068
20050524 99991231 10630 03065
19490101 99991231 10631 14958
19961211 99991231 10632 04842
19490101 99991231 10641 24130
19760101 99991231 10642 23036
19420401 19460131 10644 22501
19660401 99991231 10644 22501
19620101 99991231 10647 04853
20021223 99991231 10652 12982
19630101 99991231 10654 03872
19320101 99991231 10655 94902
19380401 19500630 10661 93128
19590101 99991231 10663 03859
19400101 99991231 10665 23158
19580101 99991231 10666 24217
19620101 19631130 10670 04783
19910601 99991231 10670 54760
19810101 99991231 10676 13802
20020816 99991231 10680 24180
19760101 99991231 10683 03893
19770101 99991231 10685 54831
19510601 19760731 10687 94700
19950428 99991231 10687 94700
19760101 99991231 10693 13897
19361101 99991231 10697 25312
19590901 19670430 10703 94185
19800215 99991231 10703 94185
19690101 99991231 10713 24131
10101 99991231 10715 24267
19640101 99991231 10721 14739
19430901 19601231 10722 12809
19640401 19640930 10722 12809
19760801 99991231 10722 12809
19430516 19750701 16521 24164
19760325 99991231 16521 24164
19440301 99991231 10728 12917
19981001 99991231 10731 53883
19400301 19950401 10732 11603
19960701 20090622 10732 11603
20090701 99991231 10732 11603
19490201 99991231 10739 94938
19500101 99991231 10744 14931
19720101 99991231 10747 12919
19670101 99991231 10754 27502
19471101 19600630 10755 12931
19421001 19990523 10763 13904
19561209 99991231 10775 27401
19590101 99991231 10778 14815
19630101 99991231 10779 24135
19910531 99991231 10780 64705
19480101 99991231 10781 13970
19760101 99991231 10783 26533
19500101 99991231 10785 14742
19610101 99991231 10792 14733
19570101 20010902 10798 23156
20030923 99991231 10798 23156
19700101 99991231 10800 23152
10101 99991231 10802 04866
19980701 99991231 10805 93783
19850501 99991231 10810 04813
19760101 99991231 10811 03959
19910530 99991231 10814 53934
19740201 99991231 10815 54733
19471001 99991231 10817 93943
19710101 99991231 10819 93808
19471001 19571130 10834 26416
19980730 99991231 10837 94054
19551101 99991231 10838 13814
19480101 99991231 10839 24133
19510101 99991231 10849 24132
19670401 19700423 10867 14817
19770715 99991231 10867 14817
19670101 99991231 10868 13883
19760515 99991231 10870 24046
19620101 99991231 10874 14895
19670101 99991231 10879 14607
19490301 99991231 10888 03732
19921101 99991231 10889 04908
19920101 99991231 10890 04909
19960601 99991231 10892 03037
19760101 99991231 10894 13825
19690101 99991231 10910 23254
10101 99991231 10912 03038
19080101 19531231 10915 14966
19921101 99991231 10915 14966
19610101 99991231 10917 25624
19730101 99991231 10918 93129
19980521 99991231 10922 53916
19450101 19510430 10923 26619
19480101 99991231 10925 24017
19720101 99991231 10926 26410
19770803 99991231 10927 54743
19481201 99991231 10930 24286
19580101 19640229 10933 14703
19640601 99991231 10933 14703
19461101 19540531 10938 26418
19620801 19801031 10938 26418
19960601 20110603 10938 26418
19960624 99991231 10945 53850
19640101 99991231 10947 13884
19490801 99991231 10950 93069
20040420 99991231 10953 54901
20050202 99991231 10957 54828
19960417 99991231 10960 93967
19300901 19740331 10961 25317
19910115 19910727 10961 25317
19620901 99991231 10965 04805
19600101 99991231 10967 03935
19491101 99991231 10977 94866
19910601 99991231 10979 03914
19770101 99991231 10980 13882
10101 99991231 10982 53128
19640101 99991231 10990 93736
19350701 19741031 10991 26419
19500101 99991231 10994 13880
19440101 19451231 11002 23201
19750201 99991231 11002 93203
19760101 99991231 11003 14990
19921101 99991231 11009 04910
19420101 19861105 11011 93809
20051101 99991231 11011 93809
10101 99991231 11013 04869
20050524 99991231 11013 46403
10101 99991231 14371 93798
19620101 99991231 11027 03802
19430401 19451031 11033 25505
19700101 99991231 11035 03894
19770101 99991231 11042 14820
20050318 99991231 11046 54832
19430601 19460531 11048 13999
19480801 99991231 11048 13999
19950901 99991231 11049 03904
19930101 99991231 11050 94266
19540101 99991231 11057 13881
19990929 99991231 11060 23136
19590101 99991231 11066 14821
19500601 99991231 11067 94870
19730101 99991231 11076 14858
19600204 99991231 11078 54923
19921101 99991231 11079 04913
19620501 99991231 11083 13984
19400501 19480612 11085 23086
19480612 99991231 11085 93033
19721201 99991231 11086 03179
19670101 99991231 11092 93075
19551128 99991231 11097 24045
19431015 99991231 11098 24136
19590101 99991231 11099 12867
19620101 99991231 11106 14745
19670101 99991231 11109 93037
19490901 19820228 11110 12947
20010110 99991231 11110 12947
19510101 19691015 11111 13983
19691001 99991231 11111 03945
10101 99991231 11115 93799
19500301 99991231 11122 24089
19501012 19501226 11123 03960
19710504 19720126 11123 03960
19731204 99991231 11123 03960
20040414 99991231 11124 53981
19310401 19460331 11133 26446
19310401 19460331 12370 26446
19620501 99991231 11135 93718
19701001 99991231 11136 53860
19600808 99991231 11140 12924
19770101 99991231 11141 03177
19970520 99991231 11143 53912
19650101 99991231 11146 13866
19600101 19740901 11149 25401
19780101 99991231 11150 93842
19620101 99991231 11152 03932
19380801 99991231 11154 25316
19730101 99991231 11159 03847
19490101 99991231 11162 24137
19600401 19630509 11165 26636
19400601 19600516 11175 12833
19610123 19710331 11175 12833
19760427 99991231 11175 12833
10101 99991231 16538 03727
19981015 99991231 11176 53867
20031101 99991231 11180 63840
19990128 99991231 11186 94032
19760101 99991231 11193 93814
19590401 19890804 11197 23077
19991114 99991231 11197 23077
19430401 99991231 11198 24202
19640101 99991231 11200 23008
10101 99991231 11202 04870
19691001 99991231 11203 94890
19180101 19301231 15825 13941
19320601 19381231 15825 13941
19420501 19630331 15825 13941
20050101 99991231 15825 13941
19930622 99991231 11207 94979
19961210 99991231 11219 53902
19870515 99991231 11223 14751
19490501 19541231 11231 04757
19550101 99991231 11233 24018
19430301 19840101 11234 26445
10101 99991231 11241 26646
19640101 99991231 11241 26633
19590101 99991231 11252 12834
19311201 99991231 11257 23161
19580101 99991231 11259 13960
19620101 99991231 11261 13728
19750101 99991231 11267 93815
19710716 99991231 11272 63881
19750601 19810901 11274 94908
19820901 99991231 11274 94908
19600101 99991231 11278 13743
19961023 99991231 11282 53852
19610101 99991231 11283 13985
19500601 99991231 11288 03887
19921201 99991231 11289 04916
19760101 19950228 11292 23062
19950228 99991231 11292 03017
19660701 99991231 11295 14822
19980107 99991231 11297 04851
19740814 99991231 11298 03927
19980528 99991231 11303 94057
19510901 99991231 11307 94909
19400718 19650208 11308 93843
19650208 99991231 11308 13839
19481201 99991231 11309 93042
19600204 99991231 11314 04135
19800101 99991231 11315 24012
19950101 99991231 11331 14747
19600204 99991231 11332 03073
19590101 99991231 11335 22001
19730301 20100721 11336 25513
19760101 99991231 11337 14913
20050318 99991231 11339 54833
19440101 99991231 11342 24219
19560101 99991231 11344 23109
19500701 99991231 11348 23078
19930101 99991231 11349 03994
19420701 19450131 11358 13837
19960701 99991231 11358 13837
19900301 99991231 11359 53885
19950228 99991231 11362 23062
19501101 99991231 11363 94891
19670101 99991231 11375 13707
19700101 19970424 11376 94878
19970424 99991231 11376 94892
19520101 99991231 11377 24103
20000401 99991231 11378 03702
20031201 99991231 11388 63842
19780501 99991231 11407 03160
19470601 99991231 11413 93005
19630301 99991231 11415 22010
19481001 19600209 11421 24277
19390101 99991231 11423 14933
19430101 99991231 11424 23162
19691001 99991231 11427 94962
20090421 99991231 11429 53905
19950726 99991231 11430 03991
19590101 99991231 11433 94847
10101 99991231 11434 53937
19600204 99991231 11436 53938
19481101 99991231 11440 93026
19760101 99991231 11441 04787
19841024 99991231 11445 25616
19760101 99991231 11447 94928
19661001 99991231 11448 94982
19751201 99991231 11450 03184
19791101 99991231 11453 53910
19730501 99991231 11456 54734
19480201 20020401 11458 03809
20020702 99991231 11458 03809
19650101 99991231 11459 13910
19611012 19651101 11463 26422
19980215 99991231 11463 26422
19800101 99991231 11468 14905
19780101 99991231 11470 94239
19470701 99991231 11471 14991
19450101 19480101 11479 13787
19480101 99991231 11479 13786
20100607 99991231 11481 73805
19600204 99991231 11483 23098
20000401 99991231 11486 03703
19610101 99991231 11487 26401
19790101 99991231 11490 23114
19911101 99991231 11490 03197
19400310 99991231 11491 23179
19700715 99991231 11493 94721
19590101 99991231 11495 12906
19640701 19800920 11496 54758
19821013 19840112 11496 54758
19910601 99991231 11496 54758
19480101 99991231 11503 23063
19570101 99991231 11504 03844
20050525 99991231 11510 54838
19630101 99991231 11512 25623
19930101 99991231 11513 53886
19620101 99991231 11514 94719
19600101 99991231 11517 26407
19110101 99991231 11522 24213
19620101 99991231 11524 13729
19670101 99991231 11525 24121
20090320 99991231 11531 93992
19600101 99991231 11537 14748
19380101 19660131 11538 24220
19980730 99991231 11538 24220
19640101 99991231 11540 23044
19860501 20110920 11545 25357
19620101 99991231 11547 23154
20020816 99991231 11551 24165
19501001 99991231 11553 13989
19760801 99991231 11554 03165
19670101 99991231 11555 26523
19410101 19481231 11557 13909
19490101 99991231 11557 13909
19980901 99991231 11558 53887
19730101 99991231 11559 26435
19561101 19571031 11563 24111
19590101 99991231 11563 24193
19971009 99991231 11564 04845
19510101 19791015 11566 04921
19930101 99991231 11566 04921
19680101 99991231 11567 24141
19610101 99991231 11577 14860
19540101 99991231 11582 12961
19710901 19941001 11587 14824
19950101 99991231 11587 94853
19450101 19450930 11590 13935
19600101 99991231 11590 13935
19600204 99991231 11592 03756
19920401 99991231 11596 04922
19600204 99991231 11602 63872
19540101 99991231 11603 24221
19920401 99991231 11609 04923
19510201 99991231 11612 93817
19590901 19811231 11613 94156
19990729 99991231 11613 04111
19720101 99991231 11615 94726
19900627 99991231 11616 53939
19680101 99991231 11617 93719
19290314 99991231 11618 14734
19570701 99991231 11624 12836
19790101 99991231 11630 26411
19490901 19600531 11634 93996
19940831 99991231 11634 93996
19370101 99991231 11637 14914
19610101 99991231 11638 93193
19610101 99991231 11641 93740
19680101 99991231 11642 93737
19570101 19601031 11643 26403
20050511 99991231 11643 26498
18990503 20031025 11648 24146
19760429 19820401 11649 23167
19630501 99991231 11650 94963
19660901 99991231 11652 94015
19490101 99991231 11656 13730
19930215 99991231 11657 03981
19410501 99991231 11659 14825
19980501 99991231 11662 04876
19910601 99991231 11663 04924
19440901 99991231 11664 94006
19840117 99991231 11667 94966
19630101 99991231 11668 13840
19760201 99991231 11669 53841
19590101 99991231 11673 03124
19490901 99991231 11684 94868
20050202 99991231 11685 54818
19960729 99991231 11693 04840
19500101 99991231 11695 03103
19780101 99991231 11697 12849
19620101 99991231 11699 13744
19620101 19741231 11704 13921
19861022 99991231 11704 13921
19740601 99991231 11709 14704
19680101 99991231 11711 23090
19760315 99991231 11714 12835
19851001 19900410 11719 94035
19901101 99991231 11719 94035
19910712 99991231 11719 94062
19690101 99991231 11721 14826
20000401 99991231 11786 53889
19670101 99991231 11723 23256
19521001 99991231 11725 94933
19790101 99991231 11726 13920
19630101 19691231 11728 14719
19721201 99991231 11728 14719
19871031 99991231 11732 12895
19980201 99991231 11737 53890
19930101 99991231 11764 54787
19591101 99991231 11766 94948
19770101 99991231 11775 14944
19630101 99991231 11776 13945
19440101 99991231 11778 13964
19530101 99991231 16448 22603
19471201 19600831 11780 23091
19910601 99991231 11780 23091
19940713 99991231 11784 03018
19640101 99991231 11785 13807
19690101 19850131 11789 13961
19850501 99991231 11789 13961
19610201 99991231 11790 03888
19610601 99991231 11794 03166
19780801 19811130 11801 04836
19950531 99991231 11801 04836
19910901 99991231 11820 03707
19760101 99991231 11823 14827
19571201 19941001 11824 13911
19740101 19780201 11825 26519
20050401 99991231 11826 03985
19930101 99991231 11827 12885
19660701 19900401 11833 26413
19970401 99991231 11833 26413
19620101 99991231 11834 93993
19660101 99991231 11840 03896
19910601 99991231 11842 93764
19640101 99991231 11844 26501
19650807 19780331 11845 26703
19811206 19881201 11845 26703
19890328 19891001 11845 26703
19961130 99991231 11845 26703
19600204 99991231 11847 12993
19430801 19461231 11856 13940
19510601 99991231 11856 13940
19600801 99991231 11858 94959
19740701 99991231 11859 26465
19751101 99991231 11865 94023
19730101 99991231 11867 23064
10101 99991231 11868 53940
19651001 99991231 11869 03195
19340601 19360131 11870 03829
19770101 99991231 11879 24087
19930101 99991231 11883 13764
19650101 99991231 11884 24157
10101 99991231 11892 53892
19981015 99991231 11893 24048
19981015 99991231 11894 53866
19760101 99991231 11895 24112
19650331 99991231 11898 14916
19480101 99991231 11899 14750
20090320 99991231 11905 03901
19690101 99991231 11908 94008
19500101 99991231 11921 23066
19400901 99991231 11924 26425
19490101 99991231 11929 23065
19590101 99991231 11931 13939
19930101 99991231 11938 04854
19700101 99991231 11939 12923
19300201 19451031 11941 26628
19920609 99991231 11941 26628
19920401 99991231 11947 13886
19980730 99991231 11948 94992
19980304 99991231 11951 94626
19600101 19700101 11953 12816
19840201 99991231 11953 12816
19421201 19440131 11961 14707
19500601 99991231 11961 14707
10101 99991231 11968 04878
20031025 99991231 11970 24146
20050318 99991231 11971 53984
19980812 99991231 11973 93874
19530401 19591231 11974 94919
19730228 99991231 11974 94919
19650101 99991231 11977 14898
20000524 99991231 11978 53874
19760101 99991231 11979 24201
19710101 99991231 11980 14935
19631101 99991231 11982 03902
19820201 99991231 11983 41419
19631101 99991231 11986 94860
19620212 19671001 11989 13978
19690208 19700401 11989 13978
19610101 99991231 11992 13713
19300101 19611031 11994 14829
19730807 19760722 11994 14829
19960926 99991231 11994 14829
19770101 99991231 11995 13723
19620901 99991231 11996 03870
19680703 19720922 11997 25322
19760622 19811214 11997 25322
19820423 19840514 11997 25322
19840521 19860923 11997 25322
19870702 99991231 11997 25322
19610501 99991231 12001 14715
19770101 99991231 12003 24143
10101 99991231 12007 53893
19901213 99991231 12008 53942
19801101 99991231 12012 93007
19440901 19980401 12016 41406
19980401 99991231 12016 41415
19730101 20001101 12018 23081
20030916 99991231 12018 23081
19690101 99991231 12021 94833
19981201 99991231 12024 03030
19951017 99991231 12028 53838
19420901 19450731 12031 13926
19630509 99991231 12031 13926
19760101 99991231 12032 03929
19700401 99991231 12039 13978
19720301 99991231 12054 03186
19070301 99991231 12055 04807
19721201 99991231 12068 53855
19710101 19870515 12070 14751
19420801 99991231 12078 13833
20000401 99991231 12080 03709
19600204 99991231 12083 12994
19400601 19451031 12085 26521
19490901 19680228 12085 26521
19690201 99991231 12085 26521
19661009 19910713 12094 94025
19911219 99991231 12094 94025
19910601 99991231 12100 94038
19750312 99991231 12106 03961
19390101 19720801 12108 14752
19730818 99991231 12108 14752
19780301 99991231 12110 93747
19310101 19341031 12119 93706
19490301 99991231 12119 93706
19501101 19860527 12125 22538
19670101 99991231 12127 03167
19480201 99991231 12129 94931
19950518 99991231 12130 54728
19460101 99991231 12131 24101
19930101 99991231 12136 94261
19981028 99991231 12140 53869
20000720 99991231 12147 13927
19790101 99991231 12149 03810
19931119 99991231 12150 26552
19670630 99991231 12153 14894
19310101 99991231 12156 24144
19760101 99991231 12163 23002
19841015 99991231 12165 94187
10101 99991231 12169 53127
20050525 99991231 12171 25378
19760101 99991231 12173 22521
19630906 19680515 12175 25323
19980605 99991231 12175 25323
19610101 99991231 12177 93034
19491001 99991231 12180 22523
19700601 99991231 12180 22528
19710101 99991231 12184 25507
19680101 99991231 12185 14936
19760101 99991231 12187 13806
19620101 99991231 12190 03962
19600101 99991231 12191 12918
20050711 99991231 12195 26651
19480101 19910101 12197 94745
20010425 99991231 12197 94745
19530101 99991231 12200 94225
19420301 19460131 12206 12904
19520701 19620630 12206 12904
19671221 99991231 12206 12904
19600701 19671221 12206 12996
19770101 99991231 12207 13971
19640101 99991231 12209 03852
19820824 99991231 12212 94949
19640401 99991231 12215 93757
19560101 99991231 12216 12826
19671029 99991231 12217 03856
19400401 99991231 12222 64761
19730101 99991231 12223 03860
19600204 99991231 12225 63883
19521211 19980305 12228 93823
19980305 99991231 12228 03868
19520101 99991231 12232 14609
19750515 19850301 12233 12927
19891015 19910305 12233 12927
19920123 19960701 12233 12927
19990701 99991231 12233 12927
19391001 99991231 12235 26522
19520101 99991231 12236 13986
19581201 99991231 12244 14758
19610101 99991231 12245 94012
19640101 99991231 12247 93228
19620101 99991231 12250 94720
20050511 99991231 12252 25376
19690601 99991231 12254 94973
19610501 99991231 12255 03968
19690101 99991231 12263 03923
19810101 99991231 12264 93738
19540301 19600831 12265 04738
19681101 99991231 12265 04724
19730101 99991231 12266 12960
19531201 99991231 12278 03928
19600101 99991231 12280 24145
19310301 99991231 12281 64706
20050407 99991231 10590 53135
19600204 99991231 12294 25521
19491201 99991231 12297 93167
19990714 99991231 12303 93785
19981001 99991231 12310 53944
19900801 99991231 12314 04880
19420901 19450930 12315 25605
19590601 99991231 12315 25626
19950301 99991231 12317 04938
19711201 99991231 12319 03972
19560101 99991231 12320 13781
19680101 99991231 12321 25506
19691001 99991231 12322 14928
19511002 99991231 12323 13748
19610101 19710831 12324 13841
19781001 99991231 12324 13841
19501101 99991231 12332 24091
19930101 99991231 12335 94893
19660101 99991231 12339 93819
19500101 99991231 12343 14918
19440801 99991231 12347 23141
19650301 99991231 12348 93807
19760101 99991231 12351 23194
19380101 99991231 12358 14937
19950101 99991231 12363 03144
19490101 99991231 12365 14778
19750101 99991231 12375 14938
20050202 99991231 12378 54827
19900330 99991231 12388 92813
19620119 99991231 12389 94014
19570701 19570731 12390 93726
19860501 99991231 12390 93726
19640101 99991231 12391 04781
19680601 99991231 12392 04881
19680801 99991231 12396 04826
19431201 99991231 12397 94761
19540101 99991231 12402 21504
19910301 99991231 12411 23104
19610101 99991231 12412 94926
19850101 99991231 12415 12969
19780701 99991231 12419 93909
19680101 99991231 12436 93194
19860620 99991231 12441 24166
19630701 99991231 12448 03940
19710119 99991231 12451 13889
19510701 99991231 12455 03953
19540501 99991231 12474 03963
19970301 99991231 12476 04110
19480701 19501231 12478 94789
19580101 99991231 12478 94789
20030423 99991231 12484 03730
19870226 99991231 12492 22552
19290501 99991231 12494 04720
19810101 99991231 12505 03889
19810101 99991231 12511 13987
19360101 99991231 12519 14919
19590101 99991231 12523 25309
19950901 99991231 12544 63801
19990701 99991231 12549 22551
19430601 19990701 12549 22514
20030728 99991231 12557 53971
19480901 19990128 12559 04726
19991025 99991231 12559 04726
19500501 99991231 12571 94854
20030728 99991231 16555 53966
19631022 99991231 12576 14833
19310601 19450930 12615 26502
19980707 99991231 12615 26502
19540901 99991231 12622 25314
19460201 99991231 12637 03909
19430501 19450930 12704 26602
19930630 99991231 12704 26602
19600204 99991231 12719 26652
19410618 19530831 12725 24223
19900201 99991231 12725 24223
19750101 99991231 12758 21510
19870723 19960101 12774 26639
19600204 99991231 12807 26647
19480128 19690530 12819 25325
19691003 99991231 12819 25325
19980707 99991231 12844 26642
19520501 99991231 12845 40604
19571001 99991231 12873 03013
19511001 19530131 12874 12954
19760101 99991231 12878 14835
19810801 99991231 12882 12883
19750601 99991231 12883 93091
19590501 99991231 12884 14836
19610101 99991231 12888 24022
19760101 99991231 12889 23169
19930101 99991231 12891 03950
19680529 99991231 12892 23174
19660101 99991231 12896 23042
19290601 19320331 12897 93170
19691101 99991231 12898 54735
19520101 99991231 12899 24023
19430601 19451031 12902 23020
19670101 99991231 12902 23020
19830714 20041215 12906 13776
20041218 99991231 12906 13776
19880526 99991231 12909 12976
20050606 99991231 12914 54925
19610301 99991231 12915 03937
19650101 99991231 12916 54736
19420701 99991231 12917 13812
19991001 99991231 12927 04883
19520101 19581231 12932 14776
19581231 99991231 12932 94765
19431201 19440331 12934 12819
19960807 99991231 12934 12819
19580101 99991231 12944 94709
19810101 99991231 12945 93820
19600101 99991231 12947 13702
19480801 99991231 12948 93987
19400101 99991231 12951 13976
19610101 99991231 12953 14732
19600101 99991231 12954 23129
19490601 99991231 12955 03821
19870210 99991231 12956 24148
19460801 19640930 12965 94128
19930101 99991231 12965 94128
20030826 99991231 12968 53973
19960320 99991231 12971 53844
19650601 19910301 12973 03168
19760101 99991231 12975 03875
19410101 99991231 12976 23067
19700701 99991231 12979 93010
19500101 99991231 12982 22536
19760101 99991231 12992 13963
19460401 19461130 12993 26428
19620101 99991231 12996 14623
19810522 19880526 12999 12976
19590901 19670228 13009 94285
19910601 99991231 13009 94285
19630101 99991231 13024 94236
19460528 99991231 13026 24021
19570701 19811205 13028 27512
19550101 19651231 13029 14904
19660101 99991231 13029 14939
19410701 99991231 13030 14886
19920101 99991231 13031 63802
19490301 99991231 13032 54737
19841108 20080901 13034 22524
20091022 99991231 13034 22524
19560101 19840905 13039 24172
19880301 99991231 13039 24172
19740501 99991231 13040 64752
19740501 99991231 16435 64752
19920401 99991231 12306 04831
19690501 99991231 13044 13810
19810101 99991231 13046 03849
19430701 99991231 13049 23243
19981008 99991231 15534 04849
19401001 19420731 13057 25327
19750724 99991231 13061 12907
19470301 99991231 13063 03930
19750922 99991231 13072 93041
19520101 99991231 13076 14920
19680101 99991231 13077 13829
19660101 99991231 13087 23112
19920804 99991231 13088 03982
19530901 99991231 13097 13902
20030519 99991231 13100 53964
19760101 99991231 13102 23111
19631101 99991231 13105 93812
19501209 19740701 13106 13834
20040120 99991231 13444 04995
20040120 99991231 16411 04995
19760101 99991231 13111 26631
19730401 99991231 13117 23285
19600719 99991231 13118 24150
19390101 99991231 13120 23054
19700901 99991231 13121 53801
19960417 99991231 13122 03997
19460501 19650430 13125 94723
19740501 19790228 13125 94723
19800801 99991231 13125 94723
19741101 99991231 13127 24149
19500101 99991231 13128 24036
19681001 99991231 13129 13809
19771001 19790131 13132 14994
19910404 99991231 13132 14994
19760618 99991231 13135 93009
19630101 99991231 13139 13733
19910701 99991231 13151 63803
19281201 19481231 13155 13892
19980902 99991231 13157 93242
19720101 99991231 13158 23023
19600101 19611031 13161 03818
19970415 99991231 13161 03818
19820101 20090126 13162 40710
19770901 19910422 13163 22537
19490901 19601031 13173 03817
19820101 20100214 13176 11653
20100301 20100701 13176 11653
19610401 99991231 13182 94894
19820101 99991231 13184 14845
19330801 99991231 13191 93919
19660101 99991231 13192 23208
20050202 99991231 13193 54820
19460901 99991231 13194 23257
19760101 99991231 13195 12810
19420101 99991231 13196 26510
19790101 99991231 13198 03947
19430701 19451231 13200 24004
19741101 99991231 13200 94040
19431201 19440531 13201 14783
19481201 99991231 13203 03813
19740201 99991231 13204 12815
19630101 99991231 13211 14940
19600204 99991231 13217 03071
19520101 99991231 13221 93810
19421101 19590101 13226 25402
19630601 99991231 13226 25402
19590101 19630601 13226 25403
10101 99991231 13227 63804
19700101 99991231 13230 14711
19330101 99991231 13232 14819
19411201 99991231 13234 22701
20050425 99991231 13235 54911
19980624 99991231 13238 93782
19590101 99991231 13241 13865
19730401 99991231 13244 13893
19810101 99991231 13249 23203
19620101 99991231 13255 14891
19610201 99991231 13256 12959
19930101 99991231 13260 94985
19530101 99991231 13264 24225
19920401 99991231 13268 03716
19760101 99991231 13273 13864
19971217 99991231 13275 04789
19790403 19860401 13276 93876
19590101 99991231 13277 13895
10101 99991231 13278 04884
19530531 99991231 13280 53817
19640101 99991231 13282 13736
19751001 19800131 13283 53859
19900216 19901215 13283 53859
19971015 99991231 13283 53859
19580101 99991231 13287 94950
19600101 99991231 13290 03936
19750201 19870723 13292 26512
19871107 99991231 13292 26512
19630101 99991231 13295 23206
19370201 99991231 13296 14710
19860523 99991231 13297 03183
19570101 99991231 13303 12839
19680101 99991231 13304 94011
19630501 99991231 13305 94960
19640101 99991231 13307 94895
19600101 99991231 13321 13735
19960904 99991231 13322 94988
19901001 99991231 13335 04946
19660101 99991231 13341 13988
19690101 99991231 13342 14839
19640101 99991231 13344 14840
19920301 99991231 13346 63805
19570101 99991231 13347 22534
19480501 99991231 13348 03811
19960712 99991231 13350 93953
19710101 99991231 13354 14954
20010207 99991231 13360 12838
19650101 99991231 13361 93950
19730403 20060626 13362 24151
20080227 99991231 13362 24151
19920122 99991231 13363 04992
19550101 19890430 13364 23176
19970617 99991231 13364 23176
19400101 99991231 13367 14923
19960619 99991231 13373 24154
19470101 99991231 13375 24037
19390301 19720525 13376 14610
19790101 99991231 13376 14610
19420101 99991231 13377 13942
19600101 19871111 13381 26524
19880501 19890217 13381 26524
19890522 19891014 13381 26524
19900504 19901107 13381 26524
19920513 99991231 13381 26524
19730201 19791031 13388 03181
19830701 99991231 13388 03181
19930101 99991231 13391 54788
19761201 99991231 13392 94976
19640101 99991231 13397 03858
19620301 99991231 13398 54738
19491201 99991231 13409 94896
19930101 99991231 13410 04855
19500101 99991231 13422 13894
19680101 99991231 13424 23258
19990801 99991231 13429 04885
19420101 19700131 13432 26620
19590101 99991231 13433 24013
19600204 99991231 13434 26635
19610101 99991231 13434 26621
19410923 19510318 13442 26429
19990929 99991231 13446 54789
19480101 99991231 13450 94705
19691206 99991231 13452 04949
19600101 99991231 13459 94850
19420701 19700331 13461 13827
20050826 99991231 13461 13827
19490630 99991231 13463 13734
19490501 19620930 13466 93765
19740319 19760831 13466 93765
19910601 99991231 13466 93765
19540204 99991231 13467 26409
20050407 99991231 13470 63859
19640831 99991231 13476 23259
19640101 99991231 13484 13896
19790101 99991231 13485 14837
19500101 99991231 13486 24153
19380101 99991231 13487 14922
19420901 19701231 13487 14947
19560101 19600930 13487 14911
19520101 99991231 13490 94725
19690701 99991231 13493 54746
19600101 99991231 13495 12916
19790701 99991231 13498 14804
19760610 99991231 13501 12896
19470801 99991231 13502 93013
20050525 99991231 13504 25377
19700701 99991231 13505 93744
19550201 99991231 13506 53802
19980901 99991231 13507 54780
19920601 99991231 13511 63806
19531101 99991231 13512 94897
19530501 99991231 13520 22539
19420501 19721231 13523 13835
19660101 99991231 13525 24106
19930101 99991231 13527 04950
19370201 19381231 16527 93875
19951115 99991231 13535 54771
19620201 99991231 13537 93894
19460701 99991231 13541 94724
19710101 99991231 13543 03865
19650101 99991231 13544 94869
19650101 99991231 13546 24110
19480301 19840731 13547 93985
19890201 99991231 13547 93985
10101 99991231 13548 04952
19600204 99991231 13549 63887
19580101 99991231 13555 13821
19550316 99991231 13570 03131
19811001 99991231 13575 94182
10101 99991231 13576 03041
19620101 99991231 13577 13717
19821105 99991231 13579 26622
19630101 99991231 13580 93205
19760201 99991231 13595 94852
19620101 99991231 13611 93831
19650101 99991231 13612 12958
19490601 19611231 13613 93211
19430301 19950101 13617 14855
19650101 99991231 13624 93727
19420601 19590228 13632 93830
19600204 99991231 13644 53847
19550101 99991231 13647 93836
19590101 99991231 13650 14780
19420901 19440228 13655 13943
19610712 20040514 13655 53917
20040616 20050829 13655 53917
20060818 99991231 13655 53917
19630101 99991231 13656 93102
19520701 99991231 13662 22519
19520101 99991231 13665 12926
19610101 99991231 13667 13750
19650101 99991231 13668 23239
19530101 99991231 13671 13721
19511201 20100201 13674 14611
19410901 99991231 13682 93837
19560101 99991231 13689 23199
19620301 19680831 13689 03146
19590101 99991231 13697 13754
19580101 99991231 13700 93107
19890910 99991231 13700 03190
19450101 19451031 13702 23110
19610701 99991231 13702 23110
19600204 99991231 13720 12974
19550501 99991231 13728 03855
19421101 99991231 13732 93839
19670101 99991231 13733 12928
19530701 99991231 13736 12850
19600204 99991231 13738 94297
19660101 99991231 13739 03853
20100917 99991231 13743 11630
19610101 99991231 13747 93841
19660101 99991231 13749 93116
19660101 99991231 13756 93111
19670101 99991231 13763 13769
19600204 99991231 13767 03757
19600101 19760930 13769 03815
19550101 99991231 13771 23244
19660101 99991231 13772 24255
19600204 99991231 13777 12973
19560101 99991231 13780 14793
18930101 19200101 13784 94706
19200101 19481231 13784 94728
19510701 99991231 13784 94728
19600701 19621231 13785 03145
19700501 99991231 13785 03145
19600101 99991231 13788 93832
19660101 99991231 13789 93101
19680101 99991231 13790 14790
19520101 99991231 13791 93112
19710214 99991231 13795 93753
19650101 99991231 13796 23230
19790214 99991231 13809 12861
19901018 99991231 13810 53948
19280601 19520131 13813 23181
20050407 99991231 13814 03741
19760101 99991231 13824 14949
19461001 99991231 13825 14941
19910705 99991231 13827 94063
19970320 99991231 13828 53854
19760101 99991231 13829 24126
19640401 99991231 13830 22516
19640101 99991231 13841 26632
19701207 99991231 13848 03967
19651129 99991231 13851 13967
20020930 99991231 13854 54807
19551201 19661231 13861 04722
19760101 99991231 13862 94017
19570801 99991231 13864 27403
19760101 99991231 13865 24227
19990728 99991231 13868 03196
19501001 99991231 13869 94951
10101 99991231 13870 63808
19320101 99991231 13871 14942
19460101 99991231 13873 26617
10101 99991231 13874 03718
19590901 19620430 13876 94197
19910601 99991231 13876 94197
19901201 99991231 13881 04956
19700901 99991231 13886 04957
19700101 99991231 13887 93040
19311101 19730430 13889 24162
19970409 99991231 13889 24162
19800205 99991231 13890 24285
19800101 99991231 13891 03102
20040224 99991231 13892 03737
19600204 99991231 13894 26653
19621001 19621031 13898 12882
19680701 99991231 13898 12882
19841201 99991231 13919 54752
10101 99991231 13928 04958
19921001 99991231 13929 04959
19581030 19890101 13930 94846
19890119 20040101 13930 94846
20040330 99991231 13930 94846
19520101 99991231 13931 13737
19600204 99991231 13932 53998
19540101 99991231 13933 94746
19740201 99991231 13936 12841
19750101 99991231 13940 26412
20030214 99991231 12400 53962
20030214 99991231 13945 53962
19680101 99991231 13947 14808
19660101 99991231 13949 94855
19560701 19570531 13958 04804
19680101 99991231 13958 04804
19760101 99991231 13963 94927
19640101 99991231 13964 24284
19471101 99991231 13965 14950
19430101 99991231 13970 26616
19740101 99991231 13976 03948
19490901 19530531 13981 93210
19980617 99991231 13981 93210
19910101 99991231 13982 04961
19510301 99991231 13983 53803
19700601 99991231 13984 54704
19990901 99991231 13986 93786
19710101 99991231 13987 64707
19461122 99991231 13988 93110
19921201 99991231 13989 04962
19660101 99991231 13999 03850
19511001 99991231 14002 93208
19760101 99991231 14002 23264
19670101 19680930 14004 24203
19760101 99991231 14004 24222
19930801 99991231 14006 03816
19410601 19501231 14007 22526
19450101 99991231 14009 13846
19690501 99991231 14011 23289
19670101 99991231 14013 25331
19640101 99991231 14021 27506
19480801 99991231 14024 93988
19760101 20070703 14025 04742
20070703 99991231 14025 64776
20050425 99991231 14026 54913
19770101 99991231 14027 12844
19930520 99991231 14036 04832
19990201 99991231 14047 04963
19980318 99991231 14050 53863
19540101 99991231 14054 24155
19490101 99991231 14057 24229
10101 99991231 14061 04964
19971210 99991231 14069 54778
19500810 99991231 14070 03058
19570101 99991231 14078 03882
19590423 99991231 14081 03162
19440101 19450930 14082 12812
19750401 99991231 14082 12812
19610701 19830801 14087 53804
19840801 99991231 14092 13783
19980128 99991231 14096 04852
19491101 99991231 14098 93741
19541222 99991231 14100 13739
19931101 99991231 14101 04888
19410801 19520930 14102 26601
19430901 19451231 14102 26623
19930922 99991231 14102 26623
19370201 19481231 14105 03833
19780101 99991231 14107 23183
19800101 99991231 14108 14842
19740701 99991231 14109 53808
19451201 99991231 14112 12873
19720101 99991231 14113 24156
19610101 99991231 14120 24025
19680101 99991231 14122 94823
19570801 99991231 14125 26638
19580101 19590430 14125 26624
19600204 99991231 14125 26624
19480101 99991231 14131 03804
19850808 99991231 14133 94967
19460801 99991231 14143 94733
19530101 99991231 14150 14841
19510101 99991231 14162 23182
19680101 99991231 14167 25625
19930101 99991231 14169 92805
19600204 99991231 14178 94086
19540101 99991231 14180 13969
19461001 99991231 14182 94732
19900601 99991231 14186 40504
19430501 99991231 14193 13899
19420101 99991231 14194 13923
19760101 99991231 14197 13714
19650630 99991231 14198 03180
19760101 99991231 14200 03931
19800601 99991231 14201 03975
20010703 99991231 14209 26492
19670101 19930201 14212 14757
20000927 99991231 14212 14757
19490501 19831201 14214 25348
19470601 19670731 14215 24060
19300201 19431231 14219 23282
19600101 19751010 14219 23267
19610301 19900125 14221 03998
19960516 99991231 14221 03998
19820101 99991231 14222 61705
19990701 99991231 16530 53950
19530101 99991231 14231 14604
19520101 99991231 14236 93209
19700101 99991231 14237 23184
10101 99991231 14239 63810
19600204 99991231 14243 63874
19450201 99991231 14244 25330
19470801 99991231 14247 93955
19421101 99991231 14251 14761
19740101 99991231 14252 24163
19760101 99991231 14255 14763
19780101 99991231 14256 25329
19590901 99991231 14258 13868
19600101 99991231 14259 04743
20031110 99991231 14260 93983
19660916 99991231 14262 93138
19400401 99991231 14265 12935
19520101 99991231 14273 25508
19601201 99991231 14275 94817
19301201 99991231 14277 12936
20031203 99991231 14281 93978
19450901 19640630 14282 25613
19600204 99991231 14282 25604
19450301 19451031 14283 23149
19900628 99991231 14283 23149
19990303 99991231 14284 54782
19800101 99991231 14288 93058
19691201 19700630 14289 93141
19980911 99991231 14289 93141
19640101 19930801 14294 03816
19470601 99991231 14303 94129
19890921 99991231 14306 64708
19590101 99991231 14307 14765
19800101 99991231 14314 24174
19480101 99991231 14315 23097
19860523 99991231 14318 03954
19781001 99991231 14320 04838
19880901 99991231 14321 14764
19631001 99991231 14323 94263
19950512 99991231 14332 54769
19980326 99991231 14447 94818
19350901 19460630 14448 25332
19770101 99991231 14454 03171
19600101 19930930 14455 14806
19501001 20090105 14457 24090
20120131 99991231 14457 24090
19600204 99991231 14459 12995
19760101 99991231 14465 03971
19680201 99991231 14467 24231
19420101 19860818 14469 24216
19880401 99991231 14469 24216
20100603 99991231 14471 12984
19600204 99991231 14474 26561
19510101 99991231 14475 24006
19760101 99991231 14487 24257
19400101 19690510 14488 14767
19611001 99991231 14488 14712
19510101 99991231 14489 24230
19650101 99991231 14490 94925
19540101 99991231 14492 13722
19630101 99991231 14498 23021
19500901 99991231 14512 94822
19480201 99991231 14520 04803
19710101 99991231 14524 13740
19471101 19651231 14525 03846
19810701 19860519 14526 94970
19640421 19661110 14530 23069
19690911 19700427 14530 03016
19820204 20120201 14530 03016
20120212 99991231 14530 03016
19760101 99991231 14533 23119
19470601 99991231 14534 24061
19500601 99991231 14539 94601
19810501 19820421 14541 12972
19821210 99991231 14541 12972
19950501 99991231 14542 53953
19660101 99991231 14543 24027
19450901 19460331 14549 24050
19620101 19950901 14553 14717
20070427 99991231 14553 64775
19450901 99991231 14554 93801
20040107 99991231 14557 03735
19480101 99991231 14562 13746
19530101 20011214 14565 12911
20020503 99991231 14565 12911
19620101 99991231 14570 23185
19930101 99991231 14572 94248
19520101 99991231 14574 13741
19540101 99991231 14576 14768
19910530 99991231 14577 53954
19600204 99991231 14583 40310
19980601 99991231 14584 04969
19720101 99991231 14588 23009
19891201 99991231 14589 04970
19930422 99991231 14594 14864
19980818 99991231 14597 03029
19600204 99991231 14607 53999
19920401 99991231 14623 04971
19600204 99991231 14627 26654
19490801 99991231 14629 93997
20021001 99991231 14630 53958
19600925 99991231 14633 14925
19830501 99991231 14635 12894
19400701 19681209 14640 23052
19980827 99991231 14640 23052
19650104 19870609 14646 93083
19460801 99991231 14648 94737
19930101 99991231 14653 53908
19731001 99991231 14656 93759
19600101 99991231 14657 24057
19980513 99991231 14668 93781
19700101 99991231 14672 23232
19681101 99991231 14673 93084
19580101 99991231 14674 23049
19690101 99991231 14679 23188
19530101 99991231 14683 12921
19501001 99991231 14685 03822
19680101 99991231 14686 94836
19680101 99991231 16409 94836
19470101 99991231 14689 23190
19640101 19951231 14691 23122
20081129 99991231 14691 23122
19930101 99991231 14695 04841
19500101 99991231 14696 14848
19590501 19610930 14696 94848
19760101 99991231 14698 93206
19850201 99991231 14699 94033
19490101 99991231 14704 93720
19930101 99991231 14709 27406
19480401 99991231 14713 04741
19630101 99991231 14716 23237
19921101 99991231 14727 04973
19500919 99991231 14730 93821
19910222 99991231 14735 03192
19630301 99991231 14736 03178
19740101 99991231 14738 25617
19660101 99991231 14745 94028
19500101 99991231 14747 24233
19440301 19440630 14749 93122
19770101 99991231 14749 03172
20050825 99991231 14749 53143
19880811 99991231 14751 14770
19760101 19771231 14753 13850
19430101 19461031 14756 13804
19720301 99991231 14761 12854
19970319 20070705 14763 94990
19581101 99991231 14764 94176
19891116 99991231 14769 64709
19550101 99991231 14771 23234
19961001 99991231 14773 03719
19900905 99991231 14778 64710
19600701 99991231 14783 13995
19600204 99991231 14785 63888
19611001 19771130 14785 03867
19900810 99991231 14786 92814
20001228 99991231 14792 12977
19421001 19451231 14793 13925
19910531 99991231 14793 13925
19760901 99991231 14794 23186
19620507 19690912 14796 25335
19690912 99991231 14797 25335
19600201 99991231 14802 93760
19440701 19510430 14804 26513
19370501 19520630 14805 26625
19930922 99991231 14805 26625
19921001 99991231 14808 04975
19551101 99991231 14810 94227
19430101 99991231 14812 24029
19520101 99991231 14814 13957
19800523 99991231 14828 25333
19480101 99991231 14830 24259
19490311 20071001 14831 23293
19460201 19480630 14837 93027
19910601 99991231 14837 93027
19650101 99991231 14842 23034
19920521 99991231 14843 11641
19670101 99991231 14848 24114
19650101 99991231 14853 12909
19791010 19810131 14855 25517
19910212 20110126 14855 25517
19620101 19840701 14863 26514
19841030 19910401 14863 26514
19911213 19921026 14863 26514
19930108 99991231 14863 26514
19910601 99991231 14864 03012
18930101 19861211 14865 14846
19920101 99991231 14868 04976
19540101 99991231 14869 24127
19780101 99991231 14871 24232
10101 99991231 14872 04893
19600204 99991231 14873 53141
19460801 99991231 14875 94740
19690301 19690325 14877 93998
19690325 99991231 14877 03919
19690624 99991231 14878 03879
19931119 99991231 14880 26553
19400301 19461231 14881 93937
20050523 99991231 14881 93937
19891201 99991231 14892 63815
19671029 99991231 14893 93225
19661011 19810301 14897 24196
19910701 99991231 14897 24196
19560401 99991231 14898 93197
19990602 99991231 16488 54785
19530101 99991231 14903 26439
19720101 99991231 14905 23273
19650101 99991231 14908 93184
19990901 99991231 14915 03050
19440601 19450531 14916 93911
20040501 99991231 14916 93911
19470101 99991231 14919 25713
19570101 99991231 14922 23233
19980313 99991231 14923 04112
19790601 99991231 14927 24030
19310101 19460331 14934 26629
19901101 99991231 14938 03720
19970502 99991231 14942 25516
19600724 19690801 14943 03101
19840310 99991231 14943 03101
19621101 99991231 14944 93804
19981203 99991231 14945 04201
19980625 99991231 14947 03028
19660601 99991231 14950 92806
19480101 99991231 14952 93822
19181101 19730228 14960 13931
19721215 99991231 14960 13966
19880331 99991231 14962 14972
19891019 99991231 14966 04894
19690901 99991231 14967 93231
20050425 99991231 14975 53985
19600204 99991231 14976 23902
19610101 19760131 14977 23211
19530101 19560831 14984 12910
19420701 19451231 14986 12814
19930101 99991231 14986 12871
19760101 99991231 14993 13849
19310401 99991231 14996 13878
19360225 99991231 15008 14926
19700101 99991231 15010 04895
19880711 99991231 15014 13993
19780101 99991231 15016 13994
19780101 99991231 15020 14927
19620416 19980603 15023 23274
19980603 99991231 15023 23213
19680730 99991231 15024 11640
19820101 99991231 15027 11624
19971001 99991231 15030 92815
19840430 19850215 15033 04824
19851001 99991231 15033 04824
19600801 19820201 15041 94161
19831120 99991231 15041 94161
19661001 99991231 15043 03966
10101 99991231 15044 03721
19460101 99991231 15045 23202
20050407 99991231 15047 54908
19540101 99991231 15048 14943
19301101 19780228 15049 26704
19930630 99991231 15049 26704
19600501 99991231 15051 93063
20000401 99991231 15054 63816
19760101 99991231 15057 13824
19400501 19460131 15061 26449
19760101 99991231 15063 26534
19680216 99991231 15069 26438
19610101 19700331 15070 14714
19720101 99991231 15070 14714
19530401 99991231 15074 03965
20050622 99991231 15078 23033
20050525 99991231 15086 26559
19860616 99991231 15090 45715
19600204 99991231 15094 54930
19620101 99991231 15096 14771
19760101 99991231 15108 13930
19950401 99991231 15111 04129
19390101 99991231 15117 23070
19451101 99991231 15124 26529
19760101 99991231 15138 03938
19950201 99991231 15141 63818
19590101 99991231 15148 23048
19740101 99991231 15153 93806
19401101 19460131 15154 94216
19650101 99991231 15154 24207
19500401 99991231 15159 93045
19900301 99991231 15163 03722
19971217 99991231 15165 04848
19461201 99991231 15167 94741
19861020 99991231 15177 03011
19420301 19461031 15185 13856
19970813 99991231 15203 93778
20030419 99991231 15208 94087
19640101 99991231 15211 13919
19980501 99991231 15214 04896
19740401 99991231 15220 94274
19700101 99991231 15221 12898
19730101 99991231 15228 26528
19600204 99991231 15229 54931
19980422 99991231 15235 53914
19851004 99991231 15237 40505
19370701 19630401 15245 26626
19610329 99991231 15249 93805
19760101 99991231 15250 26536
19670101 99991231 15260 12888
19680101 99991231 15278 26634
19921201 99991231 15287 04977
19820101 99991231 15288 03191
19620101 99991231 15289 03122
19961001 99991231 15290 04978
19910417 99991231 15293 25629
19690401 99991231 16536 03878
19550101 99991231 15295 94830
19470101 99991231 15297 13996
19990826 99991231 15299 94053
19800101 99991231 15304 12842
19600204 99991231 15307 92825
19540101 99991231 15308 23153
19690101 99991231 15310 93984
19650101 99991231 15323 13877
19660101 99991231 15324 93201
19900312 99991231 15325 03104
19440501 19471231 15339 26405
19650702 99991231 15351 24242
19620101 99991231 15356 14792
19930610 99991231 15358 12886
19700101 99991231 15370 13968
19510601 19690430 15374 73804
19690430 99991231 15374 93862
19580101 99991231 15376 23160
19490101 99991231 15380 14850
19480101 99991231 15381 94956
19680501 99991231 15383 93230
19810101 99991231 15389 94178
19700101 19920101 15401 13977
19960712 20090319 15401 13977
20090320 99991231 15401 13977
19500101 99991231 15411 13972
19420301 99991231 15412 13891
19480501 99991231 15422 41414
19510101 20080421 15431 94794
19890701 99991231 15433 63820
20050407 99991231 15435 03742
19980101 99991231 15440 04897
19990901 99991231 15447 14880
19720101 99991231 15454 93989
19490101 99991231 15458 23275
19901001 99991231 15462 04980
19560101 99991231 15470 26414
19780101 20080305 15472 26508
19410101 20101117 15478 26627
19501231 19720930 15479 25621
19590701 99991231 15481 53806
19640101 99991231 15504 26535
19960229 99991231 15510 14787
20031001 99991231 15511 12985
19530101 99991231 15550 13857
19640101 99991231 15561 93214
19981015 99991231 15565 93241
19580101 19580831 15569 12912
19610601 99991231 15569 12912
19660101 99991231 15570 23131
10101 99991231 15574 63822
19640516 19691211 15579 26442
19710204 19721011 15579 26442
19750117 99991231 15579 26479
19810101 99991231 15582 94030
20000928 99991231 15589 53123
19430601 19870201 15597 13997
19900420 99991231 15597 13997
19760101 99991231 15601 93144
19720501 99991231 15605 93999
19760101 99991231 15607 93845
20050202 99991231 15609 54829
19430801 19451031 15615 12825
19610626 99991231 15618 23130
19611001 99991231 15620 94930
20000322 99991231 15622 53873
19610101 99991231 15624 13858
19680701 99991231 15625 04846
19650401 99991231 15626 11649
19650101 99991231 15628 12843
19701101 99991231 15634 54740
19550801 99991231 15637 24032
20000401 99991231 15639 63824
19980101 99991231 15640 94298
19750108 99991231 15664 26442
19940901 99991231 15675 04899
19460201 19780131 15709 26618
19790801 19950831 15709 26618
19840824 99991231 15710 04816
19840101 99991231 15712 14534
19600301 99991231 15713 93739
19870114 99991231 15714 14533
19870723 99991231 15716 26337
19881031 99991231 15727 15518
19710101 99991231 15730 25254
19850315 20100623 15731 26480
20050425 99991231 15734 53986
19300101 19430731 15737 03832
20020901 99991231 15737 03832
19861024 99991231 15756 15642
19890701 99991231 15763 27004
19760101 99991231 15769 03159
19951214 99991231 15782 13932
20050525 99991231 15785 26558
19490915 99991231 15791 24128
19460401 19460731 15794 26630
19881001 19890101 15794 26630
19890806 19900301 15794 26630
19420601 99991231 15795 24295
19901224 99991231 15800 25169
19860930 99991231 14444 94923
19880901 99991231 15821 94620
19650101 99991231 15839 13860
19410101 20121023 15841 25338
19760101 99991231 15842 14706
19600101 99991231 15843 24062
19841001 99991231 15845 25364
19850731 99991231 15847 94613
19310201 19520831 15852 26511
19930101 99991231 15855 14794
19860909 99991231 15857 27205
19850927 99991231 15858 15930
20050525 99991231 15861 26648
19650501 99991231 15875 25354
19861010 99991231 15877 23277
19810101 99991231 15879 14615
19920204 99991231 15882 03726
10101 99991231 15886 53957
19650601 99991231 15897 94163
19760101 99991231 11405 12868
19760101 99991231 15918 12868
19990428 99991231 15919 53922
19851009 99991231 15990 15708
19480801 99991231 15991 25339
19581101 99991231 15999 94234
19340101 99991231 16000 25112
19670201 99991231 16007 94241
19850401 99991231 16012 15929
19470101 99991231 16016 24290
19480101 99991231 16018 94110
19441201 99991231 16020 25342
19850107 99991231 16027 16915
19440901 19451031 16032 25305
19840828 99991231 16034 15626
19571001 19640131 16035 25238
19640101 99991231 16035 25248
19431201 19460331 16041 25108
19550801 99991231 16041 25108
19590501 99991231 16042 25142
19840725 99991231 16043 16912
19841001 99991231 16067 16803
19420801 99991231 16091 14853
19340101 99991231 16096 25220
19680101 99991231 16101 24243
19480501 99991231 16102 94911
19860523 99991231 16106 54753
19500601 99991231 16114 18601
19590201 99991231 16115 94151
19340101 19441231 16121 25105
19410701 99991231 16133 14852
19350801 19440930 16134 25241
19521101 99991231 16142 25129
19701001 99991231 16144 25151
19340101 99991231 16151 25013
19431201 19450930 16152 25101
19410101 19630131 16157 25353
19630101 99991231 16157 25345
19621001 19671031 16161 25143
19671101 99991231 16161 25148
19380201 99991231 16165 25119
19360901 99991231 16170 94108
20071002 99991231 16172 24292
19420101 99991231 16175 25115
19451201 99991231 16180 25224
19380801 99991231 16185 15908
19860701 99991231 16190 25047
19850319 99991231 16192 94609
19890101 99991231 16199 15643
19880501 99991231 16210 25270
19510101 19951101 16218 23195
19840823 99991231 16219 16802
19220301 99991231 16229 24287
19601201 99991231 16236 25247
19371201 19680228 16240 94112
19680301 99991231 16240 94157
19281001 99991231 16241 25111
19340101 99991231 16243 25118
19420101 99991231 16244 25231
19340101 99991231 16250 25206
19440201 99991231 16251 25229
19440301 99991231 16253 24288
19401001 99991231 16254 26316
19340101 99991231 16257 25110
19420601 99991231 16258 25225
19370901 99991231 16259 25218
19410401 99991231 16260 94116
19400701 99991231 16263 24297
19711101 99991231 16274 25153
19450901 99991231 16275 25346
19420701 99991231 16278 25223
19490701 19640531 16311 26525
19450601 99991231 16361 93824
